# Created by Octave 6.2.0, Thu Jul 01 15:05:55 2021 GMT <unknown@DESKTOP-DL13TAO>
# name: cellW
# type: cell
# rows: 1
# columns: 2
# name: <cell-element>
# type: matrix
# rows: 3
# columns: 3
 5.3004165660832854 -3.1476612742934544 -4.9144871183417962
 3.3404027645810865 -3.1244334597349361 -2.4804014749799737
 2.7971051935514004 -3.5529351000641389 -1.7077748906344627



# name: <cell-element>
# type: matrix
# rows: 1
# columns: 4
 5.6224387871406698 -7.6587267232407088 -4.9726529818952239 -4.6176607358173118





# name: J
# type: scalar
0.0025354558240841159


