# Created by Octave 6.2.0, Thu Jul 01 14:55:13 2021 GMT <unknown@DESKTOP-DL13TAO>
# name: cellW
# type: cell
# rows: 1
# columns: 2
# name: <cell-element>
# type: matrix
# rows: 3
# columns: 3
 -2.4918778657824032 4.6824501535422502 5.0530177605577773
 1.2033943219141341 -2.2849535516983304 -2.4307358234293459
 -1.5200088253844999 3.0801444163880243 2.3641635224672228



# name: <cell-element>
# type: matrix
# rows: 1
# columns: 4
 -2.7612718536683269 7.7520378252819562 -4.4512207705995586 3.550128196487401





