# Created by Octave 6.2.0, Thu Jul 01 15:09:34 2021 GMT <unknown@DESKTOP-DL13TAO>
# name: cellW
# type: cell
# rows: 1
# columns: 2
# name: <cell-element>
# type: matrix
# rows: 3
# columns: 3
 1.8499096348257951 -5.4143817617294596 -5.4362001492961296
 8.376558243135559 -5.7040388759834171 -5.7085963028839766
 2.5776892287477966 -6.7259823431586128 -6.7524945853581944



# name: <cell-element>
# type: matrix
# rows: 1
# columns: 4
 -6.0984118198382715 -6.2782903227862041 13.423588908440461 -9.1241549989773567





# name: J
# type: scalar
0.0012294785581953799


