# Created by Octave 6.2.0, Sat Jul 03 14:38:04 2021 GMT <unknown@DESKTOP-DL13TAO>
# name: cellW
# type: cell
# rows: 1
# columns: 3
# name: <cell-element>
# type: matrix
# rows: 12
# columns: 10
 -0.1121865364113688 -8.6133125124123556e-05 0.0091521707411273134 0.00048997915492414706 -0.010537638438882026 -0.0021489461681695387 0.0021970156490535974 -0.0010039595031647681 9.6540095035107436e-05 -0.002138515698598352
 0.10112572940499541 0.00099902054554956016 -0.010596753205047717 0.0010597674315150827 0.012554706287092737 0.0013262189754736681 -0.00074773839911095171 0.0015127500904776028 -0.00025740101683765278 -0.00013464390263798868
 0.029940754216066512 0.00099971609454887729 -0.0058115097907275931 -0.00018043779474122686 0.0075219594552816751 -0.0018976611547165852 -0.000393991746197039 -0.0021411085173867637 -0.00099665152689717334 0.00085325576968964115
 -0.018797166964879417 -0.002159347110020146 0.015294557049071183 -0.0018055251545804176 -0.016072425062994833 6.0749101421218806e-05 0.00021633518861480981 0.0022383784623712872 0.001835532724613695 -0.0013272104274647345
 -0.024925661087135089 0.00089051729746448074 0.0048702581532876444 -0.0013011968635805917 -0.0087851230417203031 0.0012922770902075373 -0.0011913461807755582 -0.00055175893644424383 0.00038796966267075562 0.001648223808787271
 -0.021672011570607823 -0.0014494480847671574 -0.011063152714971748 -0.00074540376719543615 0.007800985855608655 0.00091836312269735494 -0.0011780642914175422 -0.0012323355515243537 -0.00037986096243764763 -0.0018109893991599452
 -0.095463546943993949 0.002088443146255896 -0.015373780884656151 -0.00095183055717900614 0.017611050971863978 -0.00079914716680938775 0.0018482022953416305 0.0010498149256152197 -0.0019803968953878725 -0.0018745263854635986
 0.062389458690985271 0.00080169562134827519 0.011154518170782023 0.00060013951608023472 -0.0085940391193766938 0.0013367023496690601 -0.0014548324289367441 -0.00079436910890055368 -0.00082298741065211687 -0.0017781210637343708
 0.11551245224034697 -0.00019718951313790645 -0.010057534607889615 0.00074443783277719684 0.0087671647123141513 -0.00097738157747119829 0.0016387071785762606 0.00031667271433840347 0.0019767809350821081 0.00039048885359571921
 0.059105243280618933 0.0016337393577127387 0.024376451450099961 0.0015932543233806691 -0.021364470692885482 0.0018229600192114252 0.0016349076745885056 0.00050714066258475844 0.0013978017286111397 -0.00042734522441337366
 0.0024349173619295059 0.0021475561385913495 0.0028314314571359763 -0.00047285568528012409 -0.0054298128402463283 -0.0014153965017141418 0.00013914203530840413 -0.00017845501399107162 0.00044737223071680577 -0.0014155552277573644
 -0.011239288690474332 -0.001946179044234705 0.013353226895260006 -0.00063437329747794834 -0.01323923070625552 0.00093830117988194723 0.00099641714829355006 -0.0013400658181159518 -4.6184806691627091e-06 -0.0016248412574419477



# name: <cell-element>
# type: matrix
# rows: 4
# columns: 13
 -0.14294524364417435 -0.010256547088858196 0.013494804514373709 0.0084790184412438397 -0.01843179866096013 -0.0064622117665954579 0.010410867105845973 0.020494448097118253 -0.010177217968432512 0.012018605370665786 -0.026001438682158311 -0.0065928901876862386 -0.015316647095449965
 0.048186741829989506 -0.0084350998135953627 0.0087532198989628048 0.0051391372006610583 -0.0087452217876336415 -0.0066702945020308121 0.0083541542416285131 0.011513802005427412 -0.0061056028662877133 0.0075388392439836773 -0.016237855177831186 -0.000495167176479777 -0.0067016288581718793
 -0.088762141411481948 -0.0014797679014247819 0.0055792841230751433 0.0028025883676666783 -0.0073046391110030391 -0.00091540549333410262 0.0028987006725286098 0.0032847278968449684 -0.0060242830785089078 0.0017462679017924388 -0.0082572525076982616 0.00096200273847726859 -0.007625356785105784
 -0.14339355789728891 -0.0028643242567186083 0.0045610072578632175 0.0014603868253158252 -0.0014073617018084267 -0.0019368279420647054 0.0049198062939704267 0.0060470740732514678 -0.0022722407934267527 0.0024607264481318102 -0.0025785870556456823 0.0011780900864779712 -0.0013678711999820738



# name: <cell-element>
# type: matrix
# rows: 2
# columns: 5
 -0.029524625911693511 0.035620033347491045 0.018601840345657726 0.007708780456097861 -0.00032686278603851854
 0.085028348646753849 -0.057089654330108319 -0.04768755706110623 -0.037263382044025566 -0.0350516536382963





# name: J
# type: scalar
0.34659063585603406


