# Created by Octave 6.2.0, Fri Jun 23 13:39:46 2023 GMT <unknown@DESKTOP-DL13TAO>
# name: cellW
# type: cell
# rows: 1
# columns: 3
# name: <cell-element>
# type: matrix
# rows: 12
# columns: 10
 0.012352207193038055 -0.097004265586940489 0.0067947848756872665 -0.002144615461554525 0.089193230420428801 -0.081929920116785904 0.053265885489063108 0.087397055874121374 -0.11312975002092125 -0.083370531355797278
 -0.013555277521237794 -0.033851882824618269 0.095675122172787883 0.02503769707229387 0.004464476208858024 0.0033987729518941152 0.10537145803170743 5.627621012632424e-05 -0.033035460637132287 -0.0056979277595173849
 -0.0043295260613914624 -0.095549764184694061 0.078936969129474371 -0.088027307673819222 -0.04134968844589626 -0.01099976281251085 0.10791528312280679 0.012413504295311231 0.026247652699779342 0.058935825818733856
 0.039767863842775426 -0.085398011866502144 -0.10830334702256124 -0.020108443881200488 0.084927069611311787 0.021394638889034111 0.013703583007356889 0.087997661214871709 0.0012913599405600016 0.065795987702849112
 0.027295771405276729 0.10397927576097983 -0.047515497788298791 0.054187937174734184 0.046715459420020949 0.11297905363446485 0.018755611033084308 -0.056739307344606096 0.085207088500083031 -0.053723134961014857
 0.057677931376158717 0.096628999114067388 -0.039026542018817431 0.048730137273005077 -0.10783086146926499 -0.10915901369751969 0.017314847162780821 -0.05043391980875634 -0.037428119114191902 0.069016445366217871
 0.092956855607300368 0.089153821357266724 -0.051380065088515378 -0.085831336294043353 0.094698191213101024 -0.079360280423798668 0.025390846716270916 -0.092466129306699771 -0.0074883897502413732 0.0094907923174962217
 0.00076766742156834337 0.0083221486367401187 -0.034002896800852021 0.013901215550769177 -0.0069966666546053893 0.00063533209713562448 -0.036136246697158772 0.10426480862650075 -0.093954931078522111 -0.0088374590484641552
 -0.10006362667037419 0.0077785480529705461 0.0837728876517084 0.11337725942966315 -0.021075490781325909 0.056259933782109146 -0.065588382069715637 0.056951131421397919 0.087433822581548956 -0.073050487534598252
 0.054113401514738486 -0.10823557087882697 0.056058045753540356 0.093457707471330143 0.010694519406341379 -0.047969118355460923 -0.048548211438645093 -0.092435612427659158 0.087724864020800111 0.11374514308314765
 -0.040163703490926302 -0.0068060079704193761 -0.08437222192417182 -0.10262978280537866 -0.037784351914661909 -0.083332040109742697 -0.0068318953239397068 0.10735488097958869 -0.10316577161677917 -0.080509122965071511
 -0.084954692815565655 0.034056217068594678 0.087066926023265462 0.091615121926551468 -0.02658602368154522 -0.0036907260094884977 0.10575646354886827 -0.068773216561131334 0.087532263186369239 0.070210201035857178



# name: <cell-element>
# type: matrix
# rows: 4
# columns: 13
 0.011703223921629953 -0.08927190782047649 -0.010997067987564972 -0.06512307622433855 -0.14586665030520823 -0.034689580819139962 -0.059974428390841855 0.026847689298471408 -0.0062061012325734348 0.0021091515768361956 0.097519360821381976 -0.018538935906344828 -0.14147517671705789
 -0.046216509425546101 0.013275774654915772 -0.012566503232863561 0.14035538130492761 0.13832126311012002 -0.15678039477612862 0.14008075796218281 -0.091231377745222358 -0.087880110441256667 -0.1532624745645304 -0.12828827259169223 -0.056117423101294285 -0.042617490546498035
 0.040240229534891279 0.00098291396120259579 0.070175758667295418 -0.065195885604665854 0.034407299334996422 -0.090058945022490094 0.080426337577221535 -0.063924004325879649 0.11317865594923221 -0.088130293765760204 0.032660222233707979 0.025337655032911775 0.053439847198958237
 0.10410167767543357 0.027141810243126688 0.10380808557599178 -0.051552926735071808 0.077497055825293329 -0.040128803018892142 0.11987585901401489 0.13350734455318003 0.11682620194500919 -0.08186264206206989 0.087548298935327895 0.14245841890396133 -0.12589045696614665



# name: <cell-element>
# type: matrix
# rows: 2
# columns: 5
 0.05839766003198113 0.098099212035765243 0.1021297807663612 0.080440150799615501 -0.17895706415102033
 -0.051634737079941484 -0.07545770730261174 0.33591645417393817 -0.25164971348088422 0.078243054416845967





# name: J
# type: scalar
0.34788108985355715


