# Created by Octave 6.2.0, Wed Jun 30 18:24:28 2021 GMT <unknown@DESKTOP-DL13TAO>
# name: cellW
# type: cell
# rows: 1
# columns: 3
# name: <cell-element>
# type: matrix
# rows: 12
# columns: 10
 -0.72348566113336688 -0.83349072437911986 1.0449300321506971 -0.92071691956520907 -1.4589296902619679 1.6128088761982085 -1.4067622715057202 -0.53158954314140305 0.89957426088065962 -0.06102234510533696
 -0.10757148006016219 -0.34937603260202854 0.83527201785537575 -0.42455186140033546 -0.87013923135315197 0.86219462626674315 -0.58631655979289266 -0.3284938919612207 0.57179393367201325 0.083551678551510494
 0.61452978244496603 0.5346633228513088 -0.35756840664470579 0.45447807316942945 0.59364372695156509 -0.96579961071597653 0.84777271481497729 0.62057069461099323 -0.68673130464947196 -0.10943790483154234
 -0.57179015940966349 -0.67655963723911727 0.57606497382552124 -0.61504352506208138 -1.0317703821111994 1.3188809466413729 -1.0724596125722072 -0.57363387000907606 0.67666388729478477 0.10209709149536414
 1.5505376488149314 1.3766327046012057 -1.2836564927316814 1.4700445488248794 2.0814390291655687 -2.2991962588141659 2.2462556089276067 1.1295503840385532 -1.3408207841022362 -0.014182745519462053
 0.0018967707724015048 -0.26010674406361606 0.52703881045620793 -0.26509488450518504 -0.5266814383670988 0.41483325160659995 -0.18253906921426002 -0.010688551762988488 0.32594239999018709 -0.074596667084176158
 -0.159155357027182 -0.45902691847065158 0.94923902474409705 -0.52872069335294059 -1.0812931201061891 1.1018213612026468 -0.83537093195888679 -0.26187498102168871 0.54783273352619388 0.0080596178557093556
 0.43241489739398831 -0.58861058952727396 2.2095384245702161 -1.1107852449394595 -1.8026208054680017 2.7054334965184927 -1.0639291075488226 -0.22103878362897866 1.0407904118658415 0.055629794299618479
 -0.5719523880046572 -0.81039919435629348 0.95683718788049565 -0.78403898730357457 -1.2299490917903826 1.5262387572913965 -1.1009198936654254 -0.56584817959716449 0.77364241449514981 0.074266135583770126
 0.33408291166460108 -0.60601022849105113 1.9092511247625288 -1.1089751066024878 -1.5277576518158076 1.9210756071338464 -0.80508190231549004 -0.24490574868314371 0.76470918534228016 -0.108188577824767
 0.055889041374737387 0.81388666266231013 -1.9943292806387929 1.1417005328647483 1.8697208390277631 -2.5923746876805955 1.4396994734876138 0.38932743468651615 -1.0485404587594398 -0.0038082880463263524
 0.099680501603324118 0.0015625921695667125 0.45285680978924525 -0.085530799900099708 -0.41108568839841381 0.36426234295365789 -0.057171175724330114 -0.019385470575535402 0.0038205809900910361 0.015672678558701664



# name: <cell-element>
# type: matrix
# rows: 4
# columns: 13
 -1.8096581618030221 2.6503194155528171 0.82154731183433793 -2.3748983975888573 1.9739980272708588 -5.8433797940044361 0.1020292266752803 1.1221101798065229 0.084680342556155364 2.1623416683573375 0.52762494587722764 -2.2720554586538508 -0.26860030607533003
 0.029875240430270272 0.9876984474709195 0.72561640725541487 -0.3410651152657424 0.53962310635271571 -0.95375371993620328 0.41230586640299932 0.91078569832348444 1.8953696402657216 1.0329765272464051 1.4042051072495969 -1.9922342202397658 0.42202021232562248
 -0.12954375572197466 1.3211584043604978 0.86635549818052804 -0.44246102889499472 0.84602104334256856 -1.4168534158259429 0.57882873851049943 1.0981685481181382 2.2325194698731821 1.1600829713330425 1.9679020042136488 -2.3690804262496155 0.45376070639193283
 0.26765046502220102 -2.1391138829304128 -1.1557617865645948 0.13030163903888961 -1.1424815561775647 2.6625964200276173 -0.64887255720596637 -1.4342971225628525 -3.8220591246402615 -1.8916432087900972 -3.0020833623740515 4.0276460924353028 -0.54234736477764001



# name: <cell-element>
# type: matrix
# rows: 2
# columns: 5
 -0.1272695153658569 10.562792331446442 -2.4800665757169078 -3.069541177985573 7.0491797056733132
 0.25611958099414195 -10.549785815255996 2.0371191426774793 3.3708147647520019 -7.1050913835517395





# name: J
# type: scalar
0.0022621547463113094


