# Created by Octave 6.2.0, Wed Jun 30 14:49:29 2021 GMT <unknown@DESKTOP-DL13TAO>
# name: cellW
# type: cell
# rows: 1
# columns: 3
# name: <cell-element>
# type: matrix
# rows: 12
# columns: 10
 -0.30463175701295631 -0.13047646067500981 -0.69225245649559186 -0.14542118641146889 0.53048187230239274 0.070069643041305127 0.5859835833900775 -0.018820956736139084 -0.78882997269833233 0.0072020900103720031
 -0.2770163931631659 -0.0058119100521258201 0.4043933321758999 0.053108691037379092 -0.75449777139656815 -0.042111130918497539 -0.76786104869422556 -0.27153159927316711 0.98017250222323271 0.045955358644012123
 -0.36282380866076103 -0.089026379896571833 -0.1078484998596862 -0.14301147745761808 -0.097048887289082508 -0.16579804495255268 -0.13399871743272879 -0.020676716790812465 -0.096991730402728321 -0.095290947283178287
 -0.12249240598327214 -0.1206213210741338 -1.2336661685478156 -0.23750192072977672 0.98768482826571113 0.072506008127019447 0.88580698624193499 0.032668474714509517 -1.0615445644232653 -0.017248613842176949
 -0.30575586290044893 -0.081785673185431659 -0.45037166852299593 -0.18288664200987431 0.25801766006835236 -0.10570559124273893 0.25267132658614178 -0.10925889934543827 -0.48781568388685659 0.0059785165204089413
 -0.22794184039943058 -0.074914208525046044 -1.1769777104909975 -0.26646352291799486 0.91494107640131361 0.14472318381963134 0.77034033753609399 0.041736290744836653 -0.98584395701574035 0.081025467494658693
 -1.2248364753937622 1.1481392040180052 -3.7443585572251408 1.9426341294264013 2.6751037015788497 -4.9711181997906371 1.5560055243511617 0.71850880053866839 -1.7492517704087642 -0.0027850965204088418
 -0.25549857232660356 -0.16542439627755731 -1.040351602457529 -0.058117132771560817 0.80924033740667889 0.094299337154332988 0.86938402049128016 -0.19448070101921794 -0.89997543052345741 -0.075650266526350388
 -0.21834800192225426 -0.074059253681168294 0.92952127713103505 0.1172967473666502 -1.1577138097501647 0.12223819524682916 -1.1490827714438903 -0.38618922297118619 1.2136728218458448 -0.064309822494570706
 -0.21733822924171109 -0.19636778614388375 1.0886472001253475 -0.027671481849903826 -1.0695924658374778 0.073325319384022244 -1.147681812749981 -0.35503284205868257 1.129005398523887 -0.027137991072341147
 -1.2171203280448819 1.1940379361849631 2.5752659471764061 0.85610130429722187 -3.4173208011665199 -4.8525210354596844 -1.8841182568412687 1.7247128025036855 1.7386673812025288 0.015369513826220066
 -0.12399853827671542 -0.19042274369527995 0.41342912579882019 0.01063400596363231 -0.10564144526163938 0.33534973417530645 -1.0747401249626662 -0.36794821643703934 0.5317516918329529 -0.026942565060830079



# name: <cell-element>
# type: matrix
# rows: 4
# columns: 13
 0.014660522526502774 -0.56179388896206739 0.52976687618815099 -0.040126600151479869 -0.75908571417503379 -0.1380719794540636 -0.77117925604781523 3.2353297626898003 -0.70118534388803211 0.97919602712633147 0.97183943418562935 -3.1549371982046028 0.42298736917731777
 0.038412650791921993 0.35342870748453509 -0.53291247394669283 -0.054664120534706269 0.74398996149806063 0.21477231220370455 0.61524581482030061 -2.7672109125565267 0.51161585949901134 -0.81584907361440795 -0.69535992748623054 2.7180159154211037 -0.47721721573466175
 0.080001258874749515 0.52280334658541328 -0.96450425594406852 -0.00040983815302025829 1.1224877017907724 0.44216865282017614 1.0446968610259038 -4.1382501910619975 0.96969437950276482 -1.2154523745309656 -1.3073951630282148 3.8954754451330333 -0.61495464367196262
 0.036853075886671895 -0.73525378999539692 0.64950664796711521 0.13686508296523042 -1.0826958906992357 -0.30546893178743478 -0.95605153684110955 3.8775974289009536 -0.95339473465646174 1.1654232904269839 1.1473714478672126 -3.7508865440200476 0.72855393619505238



# name: <cell-element>
# type: matrix
# rows: 2
# columns: 5
 -0.17292284489179013 3.1730978181028857 -2.5231705064143273 -4.7083464309969107 4.134353684540252
 0.31553307501147659 -3.4263913557102841 3.0335679868479652 4.1669031202108222 -4.117494959058261





