# Created by Octave 6.2.0, Sat Jul 03 14:53:11 2021 GMT <unknown@DESKTOP-DL13TAO>
# name: cellW
# type: cell
# rows: 1
# columns: 3
# name: <cell-element>
# type: matrix
# rows: 40
# columns: 26
 0.053888636207427405 -0.015537069109557459 0.00033594494873443283 0.0038438060625736229 -0.034093680019581657 -0.00053660929963515931 0.017851609920413493 -0.067864751431422662 0.077229010609601967 -0.062768091668259224 -0.0038259807897244873 0.02528150974919615 0.075248619498882868 0.094118443635463012 0.072577272523152075 -0.0045316625445559365 -0.017440157187553151 -0.089241439741801321 0.053207815475639977 -0.098001690400372043 0.013850558676299626 -0.0072240059975927353 -0.012011931009564597 -0.00056762972960486377 0.0024269276193962532 -0.02669027157936198
 -0.034398463593625084 -0.0012463100148202403 -0.0047191418239460863 0.01455233036475107 -0.011020785586063795 -0.020217913957399903 0.0052814329555933492 0.21942602547991938 -0.68108903056088077 0.25504157777345249 0.0078385933157842768 -0.013481693173689647 -0.69938739416339568 1.6325276822459813 -0.69338110063064584 -0.013386574073026897 -0.034593686775574381 0.22597592816467785 -0.66323217819583269 0.23678256583482779 0.011785912635928439 -0.0098824355480319186 0.018377377002687042 0.019962249112791024 0.033167284283451205 -0.0073341350139927899
 0.082132796711945857 0.012562050103190029 -0.018022994429411035 0.025621010365139005 -0.01590744912562533 -0.0042954267272539044 0.01976960881341544 -0.28054979626435178 0.51571918727850552 -0.29995351536722187 -0.01073313934843048 -0.026954029472848539 0.48638051100073537 -0.58102011528829589 0.48148030901030131 -0.01032191479401514 -0.0023679125557471916 -0.29336616542864197 0.50063362424370272 -0.27056580259622176 0.031911886971717471 -0.0042380665130036825 -0.020854168632523432 -0.004364453733109285 -0.029300416578200154 -0.0094500101005633667
 0.43661051218824232 -0.017947017851944982 -0.0015278441760383835 -0.0058441192106163369 0.0023962881774046664 -0.025084682042786841 0.0304010192341563 -0.42136582167193759 1.0677794117345669 -0.41822323985525461 0.0011535453352683406 0.016369589316561906 1.06135722023649 -1.4579676015330798 1.0572213014224721 0.012239438622693647 0.0074926412255364658 -0.40840317555404537 1.0707239831047581 -0.37522722908183631 0.026180394993862263 -0.0019906511357942105 0.014207088250279172 0.035404072740424793 -0.023708814658397279 -0.027190549585249073
 0.30193048604288703 0.032587101131263813 -0.013052684276196099 -0.02863352079077049 0.028631100739553123 0.023409679013950375 -0.033818241721394741 -0.33266093522518997 0.85446570582114056 -0.32601265329018342 0.024543091271077819 -0.032525491993635393 0.88935806647906368 -1.2578684800807627 0.88621918457910964 0.0061015890986461045 0.018870106283112906 -0.35474167186293082 0.90285937075156419 -0.32534293591289271 -0.03056797476787125 -0.017095457048914121 0.034486534696046067 0.032736938633809762 0.020602698957488185 -0.01258633594217185
 0.08144015471545181 0.005702008808598562 -0.010337811095775433 -0.028364438065898636 -0.020370670431914185 -0.0060693343970605667 -0.015646556945999025 0.12131662172292296 -0.17595606768623964 0.070112977926154368 0.0019141364062416882 -0.01412042123794734 -0.14106443922061543 0.42500694096804847 -0.17155590008212124 0.02411170275787726 0.020682011229340037 0.071759601915790047 -0.13873328004568095 0.093310638183507877 -0.033187333296751172 -0.0060038490425777082 0.007595769963144078 -0.033591122102303958 -0.0025815911921898914 0.0071073507055402141
 -0.23052412295026251 0.0078366763614278103 0.012626039237994224 -0.00076032098001507385 -0.004438589872318161 0.013654031079082342 0.0044927547800908433 0.38438226324328806 -0.97318097315291163 0.35533467743749625 -0.027853814478285464 0.029676495482219151 -0.95458944720238581 1.6851244117345063 -0.96647122073745073 0.034551238728782997 0.012933757555564314 0.36783347049673026 -0.95677802737495965 0.39023959756345666 -0.0048201320265417727 0.0013792239723304355 -0.0010916093176235936 0.014255531005076533 -0.022958972436418069 0.0053250845973716755
 0.18097185956404957 0.012547421496978066 0.022088147716448021 -0.01075453631406189 0.027885941269395566 0.014948060147518665 -0.032604741298641014 -0.30928444121789084 0.63837443672374261 -0.3307582843784016 -0.0023902599794940692 -0.0078150658228116066 0.68031019565060957 -0.83374672507973979 0.69588846602145404 0.011700616474759139 0.0073580122428545903 -0.32783076707190584 0.64034394607380851 -0.30323751695833001 0.014626695156050539 0.022036014775234772 -0.034807903053027368 0.034126024847652939 -0.018195222188990719 0.033053931247534439
 -0.020258740010791788 -0.016612363051529903 0.015455885430971263 -0.017596284246643348 -0.014520858022775644 0.020516743513140773 0.0030712902420946013 0.24890856907179992 -0.56582252071879657 0.21146166742346767 0.0076714028681393286 -0.020352647075021955 -0.55084031896358898 1.3015641499298358 -0.57286860986907284 -0.0067950696818252542 -0.021193385994774331 0.21064578391966621 -0.57988575566448419 0.24994140833258569 -0.024047617453058397 0.016054949464020384 0.018641954357564924 0.00028410673733112764 -0.017476290749720097 0.032434541841561602
 0.010614765953475261 -0.008614545802275525 -0.014310933418178422 0.015369569659805654 0.0054792959560526671 0.020240583696458314 0.022906172180418471 -0.20261974963900939 0.3314557909175293 -0.2007583790770347 0.0044654930608914803 0.034152943357068942 0.36907975865868498 -0.45317503242017676 0.34794823466639535 -0.01243693792856675 0.015327447451709754 -0.2314776579554268 0.34258268267816389 -0.23571216710975604 -0.0096214947437806165 0.027953051018667321 -0.0082839935636733371 -0.012523619495100257 -0.010952615645560377 0.020594192667510541
 0.034855333007952946 0.027399253287042905 -0.022862659284695164 0.0016790864538843452 0.020613525559392307 0.017460576434499893 -0.025957283214057381 -0.25496400544839948 0.3820241646368886 -0.29074596064469566 -0.0058742784521427886 -0.021048633694712302 0.37661576502172239 -0.3681405150776767 0.36541278669463528 -0.011638096660901886 -0.006265902832188505 -0.25398355122679728 0.39504911696812378 -0.28083664734397962 0.029264069984075075 0.0096024457426911718 0.0021649195149582522 -0.02758256913219901 0.02209701188684917 -0.033092554221360926
 0.022611533500281004 0.030811214779000434 -0.035486432458842906 -0.0059076343626380499 0.0033369181464915653 0.014092350779485672 0.033882315568930177 0.21695398509085101 -0.45573843209173731 0.17261997923457265 0.0020758065189241852 0.029871790905188253 -0.46624881771626281 1.1800181054785364 -0.50458499135076285 -0.033504073292833406 0.035202057019328874 0.17103888455452748 -0.47923662669033695 0.18204177482631875 0.0019079769520817644 -0.021365672310494219 -0.015292215663674046 0.033691496999065117 -0.030227335464994877 -0.013278180639478688
 0.073139604960985233 -0.004213463154538433 -0.028836236400363428 -0.02531761260096297 0.010640407065084304 0.020099895323231923 -0.022592074936530308 -0.13649961222536997 0.11632251439207121 -0.15649260015313682 0.0028595669700760911 0.024219593827411165 0.11715879350298264 0.2123779460473012 0.11292299583203325 -0.00052421527774970439 0.016730544090363775 -0.16919296068856787 0.12635614397161163 -0.17000878583341869 -0.02515266510290631 0.014754796201559279 0.0085336488503123288 0.0076066180333720498 -0.0041969471602036172 0.029208776514900853
 0.11182604558943438 -0.029699821967865036 0.027316309658859599 -0.021723624015614985 -0.0063785591262465252 -0.014637129254516946 0.014984337847513282 -0.33310719841929187 0.55837479582776439 -0.33003308367052203 0.016460283244449422 0.016476999054164068 0.5514034943457542 -0.60186006707038031 0.55948127943008064 -0.012544467182182151 -0.033170813244154052 -0.31268690859082859 0.54436316031726473 -0.28075464486544005 -0.031853454885057336 -0.032519447275851078 -0.0017715500933736304 0.015342924492770745 -0.025100778989578534 0.018579875739096138
