# Created by Octave 6.2.0, Thu Jul 01 16:26:14 2021 GMT <unknown@DESKTOP-DL13TAO>
# name: cellW
# type: cell
# rows: 1
# columns: 3
# name: <cell-element>
# type: matrix
# rows: 40
# columns: 26
 0.24296043777286302 -0.012045715117543047 0.032182011715731228 -0.011082636537482711 -0.016208476538487442 0.0066043408636093301 -0.0024435597243251533 -0.34613973750885491 0.76910511542626359 -0.35306467570847611 0.0049144445971402717 0.021976859305609824 0.7587574630324736 -1.0037029230466499 0.76987932643866108 -0.025085210593115026 0.03460859812516822 -0.35628124078472218 0.74635087141375156 -0.36505220169640745 0.036744495510828902 0.031229201572065428 0.020827566244797396 0.0040242208940709998 -0.01343081435456275 0.032385155406846049
 0.095080224901736426 -0.034831550403881327 0.014209251103544748 -0.0085578572856567295 0.02694765717681185 -0.0069001056946794252 -0.013236923123041536 0.04992610046114087 -0.12468364646190064 0.0093817993217063366 0.0072960540534556043 0.02820820089202377 -0.088663737871515533 0.6399850637653246 -0.13018978376674947 -0.010274822134935038 -0.0099527088258891949 0.040362087592145934 -0.10130065916210554 0.044669757857302379 0.035298374746207818 0.0014397650959829394 -0.0077137842459097973 -0.021976169490153252 -0.0079182493088315389 0.022690633880298995
 0.055642572919988621 -0.028497107766392867 0.013457964499117875 0.019049924763451194 0.026818683504758294 0.021095635713722048 -0.035050871648544354 0.15897587253258591 -0.32428912140271005 0.13138239197189186 -0.029256701465473441 0.027119905339941276 -0.31939177388974788 0.97078185683599549 -0.31599605447271722 0.0078512896505173249 -0.021522267492098103 0.17015596573959207 -0.35578712857691869 0.16261306010318918 -0.035588204238667986 0.0045581256979391402 -0.0011197582828985711 0.0058485258754181063 -0.0078214368046307763 -0.01035574077709487
 0.13965785356325205 0.035712556014294149 -0.013633129103222105 0.028633527697493798 -0.017005653968869168 0.018476085811901057 -0.028978959081511803 -0.33825467055740044 0.59734823797183034 -0.29394700215334274 -0.0063170542811821287 0.014716772227976564 0.56183643227122082 -0.7448436977011792 0.56989790724014522 0.0055342859402481848 0.028506320454064198 -0.30885934000454002 0.5752651030674123 -0.34153143142152526 0.031791254393392275 -0.024712523478463994 0.035061998378219932 0.0068719973282121913 0.0045440255719079586 0.028533702523750835
 0.097845466432186431 -0.01216841909345363 -0.034555633905146321 0.03703166045109809 0.025889583867140874 -0.033381016968847432 0.025788295002737806 -0.32912346046729418 0.51253137650110647 -0.29205381548605791 0.02462916049990016 -0.03339620407287771 0.52654163534297838 -0.57110246648012908 0.50893187567195597 -0.014212650725766947 -0.0053825176466358107 -0.30695721214641569 0.485884598881485 -0.2866299113388695 -0.0037076726169019969 0.03116038617039741 0.019612776893194572 0.024256726763955773 -0.0074352348231877183 -0.029359615340861712
 -0.14451088397739106 0.013832930701181495 -0.037466654020308382 0.012358880100881611 0.029515160998686986 -0.037272138114794087 -0.0035331555621369373 0.31286970164482675 -0.79365838944472089 0.27793653190348816 0.011148991652642139 -0.016317855359099361 -0.80567794256961789 1.7260164935927811 -0.79854974715337823 -0.0072163224405171963 -0.0026808349135607479 0.29731083587699914 -0.78771228260487869 0.29488407615342427 0.0080263580891930461 -0.022192501796813219 0.0054025730781815245 -0.031851263973663904 0.00085019943512179563 0.030291850788008882
 -0.25017834683399159 0.022919626942486761 0.02980711338898865 0.033307868446577522 0.021645495878940893 -0.0010211880249238886 0.019251508285354532 0.43062766044245748 -1.158029011628348 0.46353110339158482 0.0088072256796930676 -0.019249118643995585 -1.1776357956223897 2.1441504639324771 -1.1727853583386674 -0.012277077477490763 0.020787496423975434 0.44151580865192364 -1.1616758602164277 0.4467110662817122 0.026726922564400991 -0.023671943541585912 -0.022202431657572554 -0.032146312495899172 -0.010000330093392143 0.025865881356734031
 -0.12383075289546817 -0.033338781005448785 -0.028741398051963744 -0.025146557060563179 0.0013982169234630151 0.019965107475555924 0.017417926248353567 0.3151551342201015 -0.82694376600818276 0.31374431134422814 -0.01486965291560545 0.016543130162724774 -0.78936249105476763 1.6347575656626185 -0.78255970801188357 0.032242617785994195 -0.0098637908386488039 0.32213362310917099 -0.81904873416155799 0.29696099872971365 -0.0058042054330804532 -0.021915835442528824 0.018922893033459995 -0.016968141271445983 -0.031659258972391344 0.024625269634574593
 0.20238805695885667 0.028567516618230406 0.0022264029160191379 -0.019670960453725492 0.027578414715721235 -0.037587527630457716 -0.01023220352438229 -0.33234880566030656 0.75622954832114042 -0.31639801015587654 0.013224060403158246 -0.0089773268824519629 0.76321364054676899 -0.98301004060278341 0.77296715237561731 -0.0051240634610576971 -0.036358176371489956 -0.34298957849101291 0.77011253246499045 -0.35088754945056783 0.013853729978170394 -0.0031211669486598259 0.019478589145211334 -0.0070049861432095045 -0.013008146991519649 -0.0051641751779161194
 0.062474004549084569 0.015110031123557362 0.03466506831309276 0.0068586585274256415 -0.00058474087936721125 -0.014678079318333846 -0.03252793535915257 -0.31216493498628117 0.49318047542218807 -0.29643158166983447 0.0045552629838135905 0.025355414333135422 0.53780744344783826 -0.56351827470745031 0.49399924627656983 0.024495891343948577 0.018753900468607879 -0.28835063836466485 0.50059561387850449 -0.28287816910515423 -0.035398893503057742 0.0024327856009713072 -0.037132697630738495 -0.016139625346061854 -0.0056621664443352662 0.01471847234070181
 0.59027126958165399 -0.02978888391893237 -0.0049714580959540761 -0.0094337753415550847 -0.020777385295914681 0.019112334200033936 0.027906010323813714 -0.51629469694672459 1.2862823703221924 -0.53296753531670304 0.0010121919475155131 0.028222232819590735 1.2884467682597234 -1.3470485608300724 1.268724316575454 -0.035746425936690571 0.0045465655841132532 -0.50843334327621714 1.2739008832729308 -0.5269120759189706 0.022410263229036054 0.0068846792646773194 -0.0075410976824979922 -0.0013802310103341112 -0.021021352263266492 -0.002019781628946074
 -0.073622979880152956 0.015176781346376414 0.030733134448321493 -0.028650297814797498 0.036198545801569497 0.001014834673688382 0.030488632429446987 0.25855312739259095 -0.80110108927678925 0.30921467936373181 -0.018223197716939598 0.0078334551026050595 -0.80696402140545931 1.8772683917398891 -0.82614842251544329 -0.0031393830962630764 0.027101332505488969 0.29826463313685875 -0.8251049184587701 0.288982422402568 -0.027191533989713905 0.02289601017254448 -0.02386989884779139 0.026071300993552794 0.0047353094259965436 0.022489179082878591
 0.12756120067848048 0.026781560492231661 0.0047678528136333234 -0.0092498047151178923 -0.024226396568604577 0.027880201325451819 0.016440501790212163 -0.29932399967049766 0.52311271173273322 -0.33176381976493896 0.014143055535074223 -0.031142240543779703 0.51250283207153757 -0.72441092720563183 0.53758999275721731 -0.02457279845601687 -0.01226026299163149 -0.29455626734477913 0.55821206093381437 -0.29798477421406261 -0.0072368559972349998 -0.033333190619004589 0.016337592867229231 -0.0064963914268289236 -0.033509277607771809 -0.030810363644728361
 0.051552526720110396 0.0055809568480323646 -0.0024574549608500779 0.013084700006843142 0.00700234146404103 -0.0075410785973648448 0.018430024745245931 0.18920667316185369 -0.40006404041593363 0.19023089531957441 -0.0096378945706754315 -0.0032034607222063902 -0.40980832454131833 1.1677623755801476 -0.43809678684273795 -0.02462005676182083 0.0027779301315861704 0.17150104796895579 -0.43011138733938309 0.13367143451837074 -0.0097146385898374786 0.0050503316001150669 -0.036875645523300193 0.011021300182852106 0.029227837135877378 -0.02912224560344448
