# Created by Octave 6.2.0, Thu Jul 01 14:09:37 2021 GMT <unknown@DESKTOP-DL13TAO>
# name: cellW
# type: cell
# rows: 1
# columns: 3
# name: <cell-element>
# type: matrix
# rows: 8
# columns: 5
 -0.23621571933318086 0.1029178581187043 -0.30079842252509464 0.080862219440455449 -1.4695540858342742
 -0.38066732501556921 -0.24905335784259128 -0.072606240068465014 -0.013503556286746224 -1.0423682178276892
 1.0822517187552374 0.74982206782852401 -0.18580476677812355 0.68012549734719541 -4.5159570836474101
 -0.48796251336925395 0.099966452630774527 -0.21877521553041604 0.093175220624597807 -1.1142636759467184
 -0.16003931658489101 -0.064196319868206508 -0.24522043219197456 0.18471189762827106 -1.6104624222461499
 0.95870172634257511 0.5280445542577008 -0.07750132062679449 0.57586082135049699 -4.0914488159695575
 -0.40641582856044939 -0.18637113066621275 -0.070719881077498423 -0.15684241838525265 -0.56152234797283429
 -0.45116241040991856 -0.29657361593162662 0.27974056491387256 -0.32507252394436531 2.5850883078920757



# name: <cell-element>
# type: matrix
# rows: 6
# columns: 9
 -1.0920093335003345 0.45201236108984066 0.25589107687369678 2.6527842238419077 0.2537158382524915 0.56079520450986142 2.3424965045109443 -0.085787038840332674 -1.867139347626857
 0.76817514950214483 -0.60458659637050438 -0.11097448154621085 -1.9928572282434291 -0.32509719609080184 -0.51024510318280614 -1.803782039698512 0.11750479985777129 1.3512392363743346
 -0.31553804285039388 -0.29380175450501389 -0.38160103315113891 -0.71463559578017155 -0.25612730069132167 -0.37985157859575525 -0.38031559190864184 -0.38114940009632725 -0.12394780908240473
 1.1716024244164442 -0.55003527431116805 -0.49351390874928636 -2.6133108050437643 -0.31859176016379154 -0.57906408364655704 -2.218218777630701 -0.20535546748107913 1.9201882694532406
 0.83196174167835002 -0.42080954188393371 -0.24164970263885543 -2.0401882080073346 -0.45162280965524748 -0.62627914303690724 -1.7506002312149216 -0.082901405330419342 1.4504813416413345
 -0.45705550449297461 0.22565585469598329 0.0010953579543730558 1.2073273145671624 0.1132957147561863 0.34665834200312773 1.1332238891029256 0.11269892626995655 -0.84322735176382202



# name: <cell-element>
# type: matrix
# rows: 2
# columns: 7
 0.99679721621115724 3.5738453821215677 -2.3593682799219464 -0.37911759799802514 -3.2136217795608495 -2.5444870390244159 1.4686992203171885
 -0.77912226820937247 -3.7429488563446371 2.3163627286465109 0.55309291705203201 3.2522402122630032 2.210369481711068 -1.5040946666229176





# name: J
# type: scalar
0.0029571648301168619


